LEVEL 0: 30 moves needed! (read from bottom to top)
(2, 2) -> (4, 1)
(4, 1) -> (0, 1)
(3, 1) -> (0, 2)
(0, 2) -> (2, 2)
(0, 1) -> (3, 1)
(1, 1) -> (4, 1)
(2, 2) -> (4, 2)
(4, 2) -> (1, 1)
(4, 1) -> (0, 1)
(3, 1) -> (0, 0)
(1, 1) -> (0, 2)
(0, 0) -> (0, 3)
(0, 3) -> (1, 1)
(0, 2) -> (2, 2)
(0, 1) -> (3, 1)
(1, 1) -> (4, 1)
(2, 2) -> (4, 0)
(2, 1) -> (4, 2)
(4, 0) -> (4, 3)
(4, 3) -> (2, 1)
(4, 2) -> (1, 1)
(4, 1) -> (0, 1)
(3, 1) -> (0, 0)
(0, 0) -> (2, 2)
(0, 1) -> (3, 1)
(1, 1) -> (4, 1)
(2, 2) -> (4, 0)
(4, 0) -> (1, 1)
(4, 1) -> (0, 1)
(0, 1) -> (2, 2)

LEVEL 1: 2 moves needed! (read from bottom to top) (Solution not proven to be ideal)
(2, 2) -> (4, 1)
(7, 1) -> (0, 1)
(6, 2) -> (0, 0)
(6, 1) -> (0, 2)
(5, 1) -> (0, 3)
(0, 3) -> (2, 2)
(0, 2) -> (4, 2)
(0, 0) -> (4, 3)
(0, 1) -> (4, 0)
(1, 1) -> (5, 1)
(2, 2) -> (6, 1)
(2, 1) -> (6, 2)
(3, 1) -> (7, 1)
(4, 3) -> (8, 1)
(4, 2) -> (8, 0)
(4, 0) -> (8, 2)
(6, 2) -> (8, 3)
(8, 3) -> (3, 1)
(8, 2) -> (2, 1)
(8, 0) -> (2, 2)
(8, 1) -> (1, 1)
(4, 1) -> (6, 2)


LEVEL 2: 16 moves needed! (read from bottom to top)
(2, 2) -> (4, 1)
(2, 0) -> (4, 0)
(4, 0) -> (0, 1)
(4, 1) -> (0, 2)
(3, 1) -> (0, 3)
(0, 3) -> (2, 2)
(0, 2) -> (2, 0)
(0, 1) -> (3, 1)
(1, 1) -> (4, 1)
(2, 2) -> (4, 2)
(2, 0) -> (4, 3)
(4, 3) -> (1, 1)
(4, 2) -> (0, 1)
(4, 1) -> (0, 0)
(0, 0) -> (2, 2)
(0, 1) -> (2, 0)